-0.423926
0.875845
-0.155939
0
-0.423926
0.875845
-0.155939
0
-0.423926
0.875845
-0.155939
0
-0.423926
0.875845
-0.155939
0
-0.423926
0.875845
-0.155939
0
-4.01757
1.545
-1.13053
1
-4.01757
1.545
-1.13053
1
-4.01757
1.545
-1.13053
1
-3.37606
1.79634
-0.928918
2
-3.37606
1.79634
-0.928918
2
-3.37606
1.79634
-0.928918
2
-0.423926
0.875845
-0.155939
0
-0.423926
0.875845
-0.155939
0
-0.423926
0.875845
-0.155939
0
-0.423926
0.875845
-0.155939
0
-0.423926
0.875845
-0.155939
0
-0.423926
0.875845
-0.155939
0
-0.423926
0.875845
-0.155939
0
-0.423926
0.875845
-0.155939
0
-0.423926
0.875845
-0.155939
0
-0.423926
0.875845
-0.155939
0
-0.423926
0.875845
-0.155939
0
-0.423926
0.875845
-0.155939
0
-0.423926
0.875845
-0.155939
0
-0.423926
0.875845
-0.155939
0
-0.423926
0.875845
-0.155939
0
-0.423926
0.875845
-0.155939
0
-0.423926
0.875845
-0.155939
0
-0.423926
0.875845
-0.155939
0
-0.423926
0.875845
-0.155939
0
-0.423926
0.875845
-0.155939
0
-4.01757
1.545
-1.13053
1
-4.01757
1.545
-1.13053
1
-3.37606
1.79634
-0.928918
2
-3.37606
1.79634
-0.928918
2
-0.423926
0.875845
-0.155939
0
-4.01757
1.545
-1.13053
1
-4.01757
1.545
-1.13053
1
-3.37606
1.79634
-0.928918
2
-0.423926
0.875845
-0.155939
0
-0.423926
0.875845
-0.155939
0
-4.01757
1.545
-1.13053
1
-4.01757
1.545
-1.13053
1
-4.01757
1.545
-1.13053
1
-3.37606
1.79634
-0.928918
2
-3.37606
1.79634
-0.928918
2
-3.37606
1.79634
-0.928918
2
-3.37606
1.79634
-0.928918
2
-3.37606
1.79634
-0.928918
2
-0.423926
0.875845
-0.155939
0
-0.423926
0.875845
-0.155939
0
-0.423926
0.875845
-0.155939
0
-0.423926
0.875845
-0.155939
0
-0.423926
0.875845
-0.155939
0
-0.423926
0.875845
-0.155939
0
-0.423926
0.875845
-0.155939
0
-4.01757
1.545
-1.13053
1
-4.01757
1.545
-1.13053
1
-4.01757
1.545
-1.13053
1
-3.37606
1.79634
-0.928918
2
-3.37606
1.79634
-0.928918
2
-3.37606
1.79634
-0.928918
2
-3.37606
1.79634
-0.928918
2
-3.37606
1.79634
-0.928918
2
-3.37606
1.79634
-0.928918
2
-3.37606
1.79634
-0.928918
2
-3.37606
1.79634
-0.928918
2
-3.37606
1.79634
-0.928918
2
-3.37606
1.79634
-0.928918
2
-3.37606
1.79634
-0.928918
2
-4.01757
1.545
-1.13053
1
-4.01757
1.545
-1.13053
1
-4.01757
1.545
-1.13053
1
-0.423926
0.875845
-0.155939
0
-0.423926
0.875845
-0.155939
0
-0.423926
0.875845
-0.155939
0
-0.423926
0.875845
-0.155939
0
-0.423926
0.875845
-0.155939
0
-0.423926
0.875845
-0.155939
0
-0.423926
0.875845
-0.155939
0
